-0.0115137436372836 0.0035564261597470 0
-0.0115137436372836 0.0047705064337644 0
-0.0115137436372836 0.0063990451684807 0
-0.0085835287378376 0.0026513258509018 0
-0.0085835287378376 0.0035564261597470 0
-0.0085835287378376 0.0047705064337644 0
-0.0063990451684807 0.0019765709878144 0
-0.0063990451684807 0.0026513258509018 0
-0.0063990451684807 0.0035564261597470 0
-0.0047705064337644 0.0014735393118657 0
-0.0047705064337644 0.0019765709878144 0
-0.0047705064337644 0.0026513258509018 0
-0.0035564261597470 0.0010985277619675 0
-0.0035564261597470 0.0014735393118657 0
-0.0035564261597470 0.0019765709878144 0
-0.0026513258509018 0.0008189555813651 0
-0.0026513258509018 0.0010985277619675 0
-0.0026513258509018 0.0014735393118657 0
-0.0019765709878144 0.0006105337229237 0
-0.0019765709878144 0.0008189555813651 0
-0.0019765709878144 0.0010985277619675 0
-0.0014735393118657 0.0004551546326917 0
-0.0014735393118657 0.0006105337229237 0
-0.0014735393118657 0.0008189555813651 0
-0.0010985277619675 0.0003393190775256 0
-0.0010985277619675 0.0004551546326917 0
-0.0010985277619675 0.0006105337229237 0
-0.0008189555813651 0.0002529633405947 0
-0.0008189555813651 0.0003393190775256 0
-0.0008189555813651 0.0004551546326917 0
-0.0006105337229237 0.0001885848922832 0
-0.0006105337229237 0.0002529633405947 0
-0.0006105337229237 0.0003393190775256 0
-0.0004551546326917 0.0001405905753532 0
-0.0004551546326917 0.0001885848922832 0
-0.0004551546326917 0.0002529633405947 0
-0.0003393190775256 0.0001048106751227 0
-0.0003393190775256 0.0001405905753532 0
-0.0003393190775256 0.0001885848922832 0
-0.0002529633405947 0.0000781366573974 0
-0.0002529633405947 0.0001048106751227 0
-0.0002529633405947 0.0001405905753532 0
-0.0001885848922832 0.0000582511010648 0
-0.0001885848922832 0.0000781366573974 0
-0.0001885848922832 0.0001048106751227 0
-0.0001405905753532 0.0000434263620723 0
-0.0001405905753532 0.0000582511010648 0
-0.0001405905753532 0.0000781366573974 0
-0.0001048106751227 0.0000323744768487 0
-0.0001048106751227 0.0000434263620723 0
-0.0001048106751227 0.0000582511010648 0
-0.0000781366573974 0.0000241352648763 0
-0.0000781366573974 0.0000323744768487 0
-0.0000781366573974 0.0000434263620723 0
-0.0000582511010648 0.0000179929088390 0
-0.0000582511010648 0.0000241352648763 0
-0.0000582511010648 0.0000323744768487 0
-0.0000434263620723 0.0000134137648850 0
-0.0000434263620723 0.0000179929088390 0
-0.0000434263620723 0.0000241352648763 0
-0.0000323744768487 0.0000100000000000 0
-0.0000323744768487 0.0000134137648850 0
-0.0000323744768487 0.0000179929088390 0
-0.0000241352648763 0.0000100000000000 0
-0.0000241352648763 0.0000134137648850 0
-0.0000179929088390 0.0000100000000000 0
-0.0115137436372836 0.0085835287378376 -2
-0.0115137436372836 0.0115137436372836 -2
-0.0085835287378376 0.0063990451684807 -2
-0.0085835287378376 0.0085835287378376 -2
-0.0085835287378376 0.0115137436372836 -2
-0.0063990451684807 0.0047705064337644 -2
-0.0063990451684807 0.0063990451684807 -2
-0.0063990451684807 0.0085835287378376 -2
-0.0063990451684807 0.0115137436372836 -2
-0.0047705064337644 0.0035564261597470 -2
-0.0047705064337644 0.0047705064337644 -2
-0.0047705064337644 0.0063990451684807 -2
-0.0047705064337644 0.0085835287378376 -2
-0.0047705064337644 0.0115137436372836 -2
-0.0035564261597470 0.0026513258509018 -2
-0.0035564261597470 0.0035564261597470 -2
-0.0035564261597470 0.0047705064337644 -2
-0.0035564261597470 0.0063990451684807 -2
-0.0035564261597470 0.0085835287378376 -2
-0.0026513258509018 0.0019765709878144 -2
-0.0026513258509018 0.0026513258509018 -2
-0.0026513258509018 0.0035564261597470 -2
-0.0026513258509018 0.0047705064337644 -2
-0.0026513258509018 0.0063990451684807 -2
-0.0019765709878144 0.0014735393118657 -2
-0.0019765709878144 0.0019765709878144 -2
-0.0019765709878144 0.0026513258509018 -2
-0.0019765709878144 0.0035564261597470 -2
-0.0019765709878144 0.0047705064337644 -2
-0.0014735393118657 0.0010985277619675 -2
-0.0014735393118657 0.0014735393118657 -2
-0.0014735393118657 0.0019765709878144 -2
-0.0014735393118657 0.0026513258509018 -2
-0.0014735393118657 0.0035564261597470 -2
-0.0010985277619675 0.0008189555813651 -2
-0.0010985277619675 0.0010985277619675 -2
-0.0010985277619675 0.0014735393118657 -2
-0.0010985277619675 0.0019765709878144 -2
-0.0010985277619675 0.0026513258509018 -2
-0.0008189555813651 0.0006105337229237 -2
-0.0008189555813651 0.0008189555813651 -2
-0.0008189555813651 0.0010985277619675 -2
-0.0008189555813651 0.0014735393118657 -2
-0.0008189555813651 0.0019765709878144 -2
-0.0006105337229237 0.0004551546326917 -2
-0.0006105337229237 0.0006105337229237 -2
-0.0006105337229237 0.0008189555813651 -2
-0.0006105337229237 0.0010985277619675 -2
-0.0006105337229237 0.0014735393118657 -2
-0.0004551546326917 0.0003393190775256 -2
-0.0004551546326917 0.0004551546326917 -2
-0.0004551546326917 0.0006105337229237 -2
-0.0004551546326917 0.0008189555813651 -2
-0.0004551546326917 0.0010985277619675 -2
-0.0003393190775256 0.0002529633405947 -2
-0.0003393190775256 0.0003393190775256 -2
-0.0003393190775256 0.0004551546326917 -2
-0.0003393190775256 0.0006105337229237 -2
-0.0003393190775256 0.0008189555813651 -2
-0.0002529633405947 0.0001885848922832 -2
-0.0002529633405947 0.0002529633405947 -2
-0.0002529633405947 0.0003393190775256 -2
-0.0002529633405947 0.0004551546326917 -2
-0.0002529633405947 0.0006105337229237 -2
-0.0001885848922832 0.0001405905753532 -2
-0.0001885848922832 0.0001885848922832 -2
-0.0001885848922832 0.0002529633405947 -2
-0.0001885848922832 0.0003393190775256 -2
-0.0001885848922832 0.0004551546326917 -2
-0.0001405905753532 0.0001048106751227 -2
-0.0001405905753532 0.0001405905753532 -2
-0.0001405905753532 0.0001885848922832 -2
-0.0001405905753532 0.0002529633405947 -2
-0.0001405905753532 0.0003393190775256 -2
-0.0001048106751227 0.0000781366573974 -2
-0.0001048106751227 0.0001048106751227 -2
-0.0001048106751227 0.0001405905753532 -2
-0.0001048106751227 0.0001885848922832 -2
-0.0001048106751227 0.0002529633405947 -2
-0.0000781366573974 0.0000582511010648 -2
-0.0000781366573974 0.0000781366573974 -2
-0.0000781366573974 0.0001048106751227 -2
-0.0000781366573974 0.0001405905753532 -2
-0.0000781366573974 0.0001885848922832 -2
-0.0000582511010648 0.0000434263620723 -2
-0.0000582511010648 0.0000582511010648 -2
-0.0000582511010648 0.0000781366573974 -2
-0.0000582511010648 0.0001048106751227 -2
-0.0000582511010648 0.0001405905753532 -2
-0.0000434263620723 0.0000323744768487 -2
-0.0000434263620723 0.0000434263620723 -2
-0.0000434263620723 0.0000582511010648 -2
-0.0000434263620723 0.0000781366573974 -2
-0.0000434263620723 0.0001048106751227 -2
-0.0000323744768487 0.0000241352648763 -2
-0.0000323744768487 0.0000323744768487 -2
-0.0000323744768487 0.0000434263620723 -2
-0.0000323744768487 0.0000582511010648 -2
-0.0000323744768487 0.0000781366573974 -2
-0.0000241352648763 0.0000179929088390 -2
-0.0000241352648763 0.0000241352648763 -2
-0.0000241352648763 0.0000323744768487 -2
-0.0000241352648763 0.0000434263620723 -2
-0.0000241352648763 0.0000582511010648 -2
-0.0000179929088390 0.0000134137648850 -2
-0.0000179929088390 0.0000179929088390 -2
-0.0000179929088390 0.0000241352648763 -2
-0.0000179929088390 0.0000323744768487 -2
-0.0000179929088390 0.0000434263620723 -2
-0.0000134137648850 0.0000100000000000 -2
-0.0000134137648850 0.0000134137648850 -2
-0.0000134137648850 0.0000179929088390 -2
-0.0000134137648850 0.0000241352648763 -2
-0.0000134137648850 0.0000323744768487 -2
-0.0000100000000000 0.0000100000000000 -2
-0.0000100000000000 0.0000134137648850 -2
-0.0000100000000000 0.0000179929088390 -2
-0.0000100000000000 0.0000241352648763 -2
-0.0085835287378376 0.0115137436372836 -4
-0.0063990451684807 0.0085835287378376 -4
-0.0063990451684807 0.0115137436372836 -4
-0.0047705064337644 0.0063990451684807 -4
-0.0047705064337644 0.0085835287378376 -4
-0.0047705064337644 0.0115137436372836 -4
-0.0035564261597470 0.0047705064337644 -4
-0.0035564261597470 0.0063990451684807 -4
-0.0035564261597470 0.0085835287378376 -4
-0.0035564261597470 0.0115137436372836 -4
-0.0026513258509018 0.0035564261597470 -4
-0.0026513258509018 0.0047705064337644 -4
-0.0026513258509018 0.0063990451684807 -4
-0.0026513258509018 0.0085835287378376 -4
-0.0026513258509018 0.0115137436372836 -4
-0.0019765709878144 0.0026513258509018 -4
-0.0019765709878144 0.0035564261597470 -4
-0.0019765709878144 0.0047705064337644 -4
-0.0019765709878144 0.0063990451684807 -4
-0.0019765709878144 0.0085835287378376 -4
-0.0019765709878144 0.0115137436372836 -4
-0.0014735393118657 0.0019765709878144 -4
-0.0014735393118657 0.0026513258509018 -4
-0.0014735393118657 0.0035564261597470 -4
-0.0014735393118657 0.0047705064337644 -4
-0.0014735393118657 0.0063990451684807 -4
-0.0014735393118657 0.0085835287378376 -4
-0.0014735393118657 0.0115137436372836 -4
-0.0010985277619675 0.0014735393118657 -4
-0.0010985277619675 0.0019765709878144 -4
-0.0010985277619675 0.0026513258509018 -4
-0.0010985277619675 0.0035564261597470 -4
-0.0010985277619675 0.0047705064337644 -4
-0.0010985277619675 0.0063990451684807 -4
-0.0010985277619675 0.0085835287378376 -4
-0.0010985277619675 0.0115137436372836 -4
-0.0008189555813651 0.0010985277619675 -4
-0.0008189555813651 0.0014735393118657 -4
-0.0008189555813651 0.0019765709878144 -4
-0.0008189555813651 0.0026513258509018 -4
-0.0008189555813651 0.0035564261597470 -4
-0.0008189555813651 0.0047705064337644 -4
-0.0008189555813651 0.0063990451684807 -4
-0.0008189555813651 0.0085835287378376 -4
-0.0006105337229237 0.0008189555813651 -4
-0.0006105337229237 0.0010985277619675 -4
-0.0006105337229237 0.0014735393118657 -4
-0.0006105337229237 0.0019765709878144 -4
-0.0006105337229237 0.0026513258509018 -4
-0.0006105337229237 0.0035564261597470 -4
-0.0006105337229237 0.0047705064337644 -4
-0.0006105337229237 0.0063990451684807 -4
-0.0004551546326917 0.0006105337229237 -4
-0.0004551546326917 0.0008189555813651 -4
-0.0004551546326917 0.0010985277619675 -4
-0.0004551546326917 0.0014735393118657 -4
-0.0004551546326917 0.0019765709878144 -4
-0.0004551546326917 0.0026513258509018 -4
-0.0004551546326917 0.0035564261597470 -4
-0.0004551546326917 0.0047705064337644 -4
-0.0003393190775256 0.0004551546326917 -4
-0.0003393190775256 0.0006105337229237 -4
-0.0003393190775256 0.0008189555813651 -4
-0.0003393190775256 0.0010985277619675 -4
-0.0003393190775256 0.0014735393118657 -4
-0.0003393190775256 0.0019765709878144 -4
-0.0003393190775256 0.0026513258509018 -4
-0.0003393190775256 0.0035564261597470 -4
-0.0002529633405947 0.0003393190775256 -4
-0.0002529633405947 0.0004551546326917 -4
-0.0002529633405947 0.0006105337229237 -4
-0.0002529633405947 0.0008189555813651 -4
-0.0002529633405947 0.0010985277619675 -4
-0.0002529633405947 0.0014735393118657 -4
-0.0002529633405947 0.0019765709878144 -4
-0.0002529633405947 0.0026513258509018 -4
-0.0001885848922832 0.0002529633405947 -4
-0.0001885848922832 0.0003393190775256 -4
-0.0001885848922832 0.0004551546326917 -4
-0.0001885848922832 0.0006105337229237 -4
-0.0001885848922832 0.0008189555813651 -4
-0.0001885848922832 0.0010985277619675 -4
-0.0001885848922832 0.0014735393118657 -4
-0.0001885848922832 0.0019765709878144 -4
-0.0001405905753532 0.0001885848922832 -4
-0.0001405905753532 0.0002529633405947 -4
-0.0001405905753532 0.0003393190775256 -4
-0.0001405905753532 0.0004551546326917 -4
-0.0001405905753532 0.0006105337229237 -4
-0.0001405905753532 0.0008189555813651 -4
-0.0001405905753532 0.0010985277619675 -4
-0.0001405905753532 0.0014735393118657 -4
-0.0001048106751227 0.0001405905753532 -4
-0.0001048106751227 0.0001885848922832 -4
-0.0001048106751227 0.0002529633405947 -4
-0.0001048106751227 0.0003393190775256 -4
-0.0001048106751227 0.0004551546326917 -4
-0.0001048106751227 0.0006105337229237 -4
-0.0001048106751227 0.0008189555813651 -4
-0.0001048106751227 0.0010985277619675 -4
-0.0000781366573974 0.0001048106751227 -4
-0.0000781366573974 0.0001405905753532 -4
-0.0000781366573974 0.0001885848922832 -4
-0.0000781366573974 0.0002529633405947 -4
-0.0000781366573974 0.0003393190775256 -4
-0.0000781366573974 0.0004551546326917 -4
-0.0000781366573974 0.0006105337229237 -4
-0.0000781366573974 0.0008189555813651 -4
-0.0000582511010648 0.0000781366573974 -4
-0.0000582511010648 0.0001048106751227 -4
-0.0000582511010648 0.0001405905753532 -4
-0.0000582511010648 0.0001885848922832 -4
-0.0000582511010648 0.0002529633405947 -4
-0.0000582511010648 0.0003393190775256 -4
-0.0000582511010648 0.0004551546326917 -4
-0.0000582511010648 0.0006105337229237 -4
-0.0000434263620723 0.0000582511010648 -4
-0.0000434263620723 0.0000781366573974 -4
-0.0000434263620723 0.0001048106751227 -4
-0.0000434263620723 0.0001405905753532 -4
-0.0000434263620723 0.0001885848922832 -4
-0.0000434263620723 0.0002529633405947 -4
-0.0000434263620723 0.0003393190775256 -4
-0.0000434263620723 0.0004551546326917 -4
-0.0000323744768487 0.0000434263620723 -4
-0.0000323744768487 0.0000582511010648 -4
-0.0000323744768487 0.0000781366573974 -4
-0.0000323744768487 0.0001048106751227 -4
-0.0000323744768487 0.0001405905753532 -4
-0.0000323744768487 0.0001885848922832 -4
-0.0000323744768487 0.0002529633405947 -4
-0.0000323744768487 0.0003393190775256 -4
-0.0000241352648763 0.0000323744768487 -4
-0.0000241352648763 0.0000434263620723 -4
-0.0000241352648763 0.0000582511010648 -4
-0.0000241352648763 0.0000781366573974 -4
-0.0000241352648763 0.0001048106751227 -4
-0.0000241352648763 0.0001405905753532 -4
-0.0000241352648763 0.0001885848922832 -4
-0.0000241352648763 0.0002529633405947 -4
-0.0000179929088390 0.0000241352648763 -4
-0.0000179929088390 0.0000323744768487 -4
-0.0000179929088390 0.0000434263620723 -4
-0.0000179929088390 0.0000582511010648 -4
-0.0000179929088390 0.0000781366573974 -4
-0.0000179929088390 0.0001048106751227 -4
-0.0000179929088390 0.0001405905753532 -4
-0.0000179929088390 0.0001885848922832 -4
-0.0000134137648850 0.0000179929088390 -4
-0.0000134137648850 0.0000241352648763 -4
-0.0000134137648850 0.0000323744768487 -4
-0.0000134137648850 0.0000434263620723 -4
-0.0000134137648850 0.0000582511010648 -4
-0.0000134137648850 0.0000781366573974 -4
-0.0000134137648850 0.0001048106751227 -4
-0.0000134137648850 0.0001405905753532 -4
-0.0000100000000000 0.0000134137648850 -4
-0.0000100000000000 0.0000179929088390 -4
-0.0000100000000000 0.0000241352648763 -4
-0.0000100000000000 0.0000323744768487 -4
-0.0000100000000000 0.0000434263620723 -4
-0.0000100000000000 0.0000582511010648 -4
-0.0000100000000000 0.0000781366573974 -4
-0.0000100000000000 0.0001048106751227 -4
